30 219
0 1
0 2
0 4
0 5
0 7
0 9
0 10
0 12
0 13
0 14
0 15
0 17
0 22
0 24
0 25
0 26
0 27
0 28
1 4
1 5
1 7
1 8
1 15
1 20
1 22
1 24
1 26
1 27
1 28
1 29
2 5
2 9
2 10
2 14
2 16
2 17
2 18
2 21
2 23
2 27
2 28
2 29
3 7
3 9
3 10
3 12
3 13
3 14
3 15
3 18
3 19
3 21
3 22
3 23
3 25
3 26
4 6
4 9
4 10
4 13
4 14
4 15
4 16
4 17
4 18
4 19
4 21
4 24
4 25
4 26
4 27
4 29
5 6
5 7
5 8
5 9
5 10
5 18
5 19
5 20
5 21
5 22
5 23
5 24
5 25
5 26
5 27
5 28
5 29
6 8
6 9
6 11
6 13
6 14
6 24
6 26
6 27
6 29
7 9
7 11
7 12
7 13
7 14
7 18
7 20
7 22
7 23
7 24
7 26
8 9
8 14
8 15
8 17
8 18
8 19
8 20
8 22
8 26
8 27
8 28
9 10
9 15
9 20
9 21
9 24
9 26
9 29
10 12
10 13
10 15
10 17
10 18
10 19
10 22
10 24
10 25
10 26
10 27
10 28
10 29
11 12
11 13
11 16
11 17
11 18
11 22
11 23
11 25
11 29
12 14
12 17
12 23
12 24
12 25
12 28
12 29
13 15
13 18
13 20
13 22
13 23
13 24
13 25
13 28
14 15
14 17
14 20
14 23
14 24
14 25
14 28
15 17
15 20
15 22
15 23
15 24
15 25
15 26
15 27
15 29
16 17
16 18
16 21
16 22
16 23
16 24
16 25
16 27
16 29
17 20
17 22
17 23
17 24
17 25
18 22
18 23
18 25
18 28
19 20
19 22
19 25
19 26
19 28
19 29
20 25
20 26
20 28
20 29
21 29
22 23
22 27
22 28
22 29
23 24
23 28
24 25
24 27
25 28
26 28
