30 213
0 2
0 6
0 7
0 8
0 13
0 15
0 16
0 17
0 19
0 20
0 27
0 29
1 3
1 4
1 6
1 9
1 11
1 13
1 14
1 16
1 17
1 20
1 21
1 22
1 23
1 25
1 26
1 27
1 28
2 4
2 5
2 17
2 18
2 20
2 23
2 26
2 27
3 5
3 6
3 7
3 9
3 10
3 12
3 14
3 15
3 16
3 17
3 19
3 22
3 24
3 29
4 5
4 7
4 8
4 13
4 22
4 23
4 27
5 6
5 13
5 14
5 15
5 16
5 17
5 19
5 20
5 21
5 22
5 23
5 25
5 28
5 29
6 8
6 10
6 11
6 13
6 14
6 15
6 19
6 21
6 23
6 25
6 26
6 28
7 9
7 10
7 11
7 12
7 18
7 19
7 20
7 24
7 26
7 27
8 9
8 10
8 13
8 14
8 15
8 16
8 18
8 20
8 25
8 26
8 27
8 28
8 29
9 11
9 14
9 16
9 17
9 18
9 19
9 20
9 22
9 23
9 26
9 27
9 28
9 29
10 12
10 13
10 14
10 17
10 18
10 20
10 22
10 23
10 25
10 26
10 29
11 12
11 13
11 14
11 15
11 16
11 18
11 20
11 22
11 27
11 29
12 16
12 18
12 22
12 23
12 25
12 27
12 29
13 15
13 19
13 20
13 21
13 23
13 24
13 25
13 27
14 17
14 18
14 19
14 22
14 23
14 24
14 29
15 16
15 19
15 23
15 27
15 29
16 17
16 20
16 22
16 28
17 18
17 20
17 22
17 29
18 20
18 21
18 22
18 23
18 24
18 25
18 27
18 28
18 29
19 22
19 24
19 25
19 28
19 29
20 21
20 22
20 23
20 26
20 27
20 28
20 29
21 26
22 26
22 28
23 24
23 25
23 26
23 28
23 29
24 25
24 28
25 27
26 28
26 29
27 28
27 29
28 29
