30 210
0 1
0 2
0 5
0 7
0 9
0 10
0 11
0 12
0 14
0 15
0 16
0 18
0 20
0 25
0 26
0 27
0 28
1 3
1 5
1 9
1 10
1 11
1 13
1 14
1 17
1 20
1 22
1 23
1 26
1 28
1 29
2 3
2 5
2 13
2 18
2 20
2 21
2 22
2 24
2 25
2 29
3 4
3 5
3 7
3 8
3 9
3 11
3 12
3 13
3 18
3 19
3 22
3 24
3 25
3 27
3 28
4 6
4 7
4 8
4 9
4 11
4 16
4 20
4 21
4 24
4 26
4 28
4 29
5 9
5 10
5 12
5 13
5 17
5 20
5 21
5 24
5 25
5 27
6 7
6 8
6 10
6 11
6 12
6 14
6 15
6 16
6 17
6 18
6 19
6 22
6 28
7 11
7 14
7 24
7 26
7 27
7 28
8 9
8 12
8 15
8 16
8 21
8 23
8 24
8 28
9 10
9 12
9 15
9 16
9 17
9 18
9 20
9 21
9 22
9 23
9 24
9 25
9 28
10 12
10 14
10 15
10 16
10 18
10 20
10 21
10 22
10 23
10 24
10 26
10 27
10 28
10 29
11 12
11 17
11 19
11 20
11 21
11 25
11 28
12 13
12 22
12 25
12 26
12 27
13 15
13 16
13 17
13 23
13 26
13 28
14 18
14 21
14 23
14 24
14 28
15 17
15 21
15 23
15 24
15 25
15 27
15 28
15 29
16 18
16 21
16 22
16 24
16 28
16 29
17 18
17 22
17 24
17 27
17 28
17 29
18 19
18 22
18 23
18 24
18 25
18 26
19 20
19 21
19 26
19 27
20 21
20 22
20 25
20 27
20 28
20 29
21 22
21 27
21 28
22 24
22 25
22 28
22 29
23 25
23 26
23 27
23 28
23 29
24 26
24 29
25 26
26 28
26 29
27 28
28 29
