30 214
0 2
0 4
0 7
0 8
0 10
0 12
0 13
0 14
0 15
0 17
0 18
0 21
0 22
0 23
0 24
0 28
0 29
1 2
1 3
1 6
1 7
1 8
1 9
1 10
1 11
1 12
1 13
1 14
1 15
1 16
1 17
1 18
1 20
1 21
1 24
1 28
2 3
2 4
2 6
2 7
2 8
2 11
2 16
2 17
2 18
2 21
2 22
2 24
2 27
3 5
3 6
3 7
3 8
3 11
3 13
3 14
3 15
3 16
3 17
3 18
3 20
3 26
3 27
4 6
4 12
4 13
4 14
4 16
4 18
4 19
4 22
4 23
4 26
4 27
5 8
5 9
5 10
5 16
5 17
5 18
5 19
5 20
5 21
5 22
5 26
5 28
5 29
6 10
6 11
6 12
6 14
6 15
6 18
6 19
6 21
6 23
6 25
6 26
6 27
6 29
7 9
7 12
7 13
7 14
7 17
7 18
7 20
7 21
7 26
7 28
7 29
8 10
8 11
8 13
8 15
8 18
8 20
8 23
8 26
9 13
9 14
9 16
9 17
9 19
9 20
9 24
9 25
9 29
10 11
10 15
10 16
10 17
10 18
10 21
10 25
11 14
11 15
11 17
11 20
11 21
11 23
11 24
11 25
11 28
12 13
12 14
12 16
12 19
12 20
12 21
12 22
12 23
12 24
12 25
12 26
12 27
12 28
12 29
13 14
13 15
13 21
13 23
13 29
14 16
14 17
14 18
14 22
14 24
14 29
15 20
15 21
15 22
15 26
15 28
16 17
16 19
16 23
16 24
16 25
16 28
17 18
17 19
17 22
17 24
17 26
18 19
18 20
18 21
18 22
18 23
18 28
18 29
19 20
19 23
19 24
19 27
19 29
20 26
20 28
20 29
21 22
21 24
21 27
22 25
22 29
23 25
23 26
23 28
23 29
25 26
25 29
26 28
27 28
27 29
