40 105
0 3
0 34
0 37
0 39
1 9
1 10
1 12
1 14
1 20
1 26
2 5
2 8
3 9
3 22
3 24
3 25
3 26
3 30
3 31
3 36
4 5
4 7
4 13
4 17
4 19
4 20
4 21
4 26
4 30
5 8
5 18
5 26
5 37
6 33
7 13
7 21
7 22
7 26
7 29
8 10
8 21
8 28
8 33
8 38
9 22
9 25
9 28
10 11
10 23
10 26
11 24
11 30
11 32
12 17
12 21
12 24
12 27
13 20
14 18
14 21
14 23
14 26
14 32
15 16
15 27
15 35
16 19
16 32
16 36
16 38
16 39
17 21
17 27
17 28
17 31
17 34
18 22
18 24
18 32
18 33
18 34
18 38
19 28
19 37
21 23
21 38
22 26
22 27
22 39
24 27
24 29
25 36
26 37
26 38
27 30
27 37
27 39
29 33
29 34
30 34
30 38
31 37
33 38
35 36
35 37
