40 391
0 1
0 3
0 4
0 7
0 9
0 10
0 12
0 13
0 17
0 22
0 25
0 26
0 27
0 28
0 29
0 30
0 31
0 33
0 34
0 37
1 2
1 6
1 7
1 8
1 9
1 10
1 11
1 14
1 15
1 16
1 19
1 20
1 22
1 23
1 25
1 26
1 30
1 31
1 32
1 34
1 37
2 5
2 8
2 9
2 10
2 11
2 12
2 13
2 14
2 15
2 16
2 18
2 21
2 22
2 23
2 31
2 32
2 35
2 37
2 38
3 5
3 6
3 9
3 14
3 16
3 17
3 22
3 24
3 26
3 32
3 33
3 34
3 36
3 37
3 38
4 11
4 13
4 15
4 17
4 18
4 19
4 20
4 21
4 23
4 26
4 27
4 29
4 32
4 34
4 35
4 38
4 39
5 8
5 9
5 11
5 12
5 13
5 15
5 16
5 18
5 19
5 20
5 21
5 23
5 24
5 26
5 27
5 28
5 29
5 30
5 31
5 32
5 33
5 34
5 38
5 39
6 9
6 12
6 13
6 14
6 16
6 21
6 22
6 25
6 27
6 32
6 34
6 35
6 36
7 9
7 11
7 15
7 21
7 25
7 26
7 29
7 31
7 32
7 34
7 36
7 38
8 9
8 10
8 12
8 15
8 20
8 26
8 27
8 33
8 35
8 36
8 37
9 11
9 12
9 14
9 15
9 16
9 19
9 21
9 22
9 28
9 29
9 33
9 34
9 36
9 37
9 39
10 14
10 15
10 24
10 25
10 26
10 27
10 28
10 30
10 31
10 33
10 34
10 36
11 12
11 13
11 14
11 16
11 19
11 23
11 24
11 25
11 26
11 27
11 30
11 31
11 32
11 34
11 35
11 38
12 13
12 15
12 19
12 20
12 26
12 27
12 33
12 34
12 35
12 36
12 37
13 15
13 18
13 19
13 21
13 22
13 23
13 27
13 30
13 31
13 32
13 34
13 36
13 37
13 38
14 15
14 17
14 23
14 24
14 25
14 26
14 28
14 29
14 30
14 33
14 34
14 35
15 17
15 18
15 20
15 21
15 22
15 23
15 24
15 25
15 27
15 28
15 30
15 37
15 38
16 17
16 19
16 21
16 23
16 24
16 25
16 26
16 28
16 31
16 32
16 33
16 34
16 35
16 36
17 19
17 21
17 26
17 27
17 32
17 33
17 38
17 39
18 20
18 21
18 23
18 26
18 27
18 28
18 29
18 30
18 32
18 33
18 36
18 37
18 39
19 20
19 22
19 23
19 24
19 25
19 26
19 27
19 32
19 33
19 35
19 39
20 23
20 24
20 25
20 28
20 30
20 36
20 37
20 38
20 39
21 22
21 23
21 25
21 28
21 29
21 30
21 31
21 32
21 34
21 35
21 39
22 27
22 28
22 30
22 32
22 33
22 34
22 35
22 37
22 38
22 39
23 25
23 28
23 29
23 30
23 34
23 37
23 38
24 25
24 28
24 34
24 35
24 36
24 37
24 39
25 28
25 30
25 32
25 34
25 35
25 36
25 38
26 27
26 28
26 30
26 35
26 36
26 37
26 38
27 28
27 30
27 32
27 33
27 35
27 37
27 38
27 39
28 29
28 30
28 33
28 36
28 37
28 38
29 30
29 32
29 33
29 36
29 37
30 31
30 32
30 33
30 38
31 32
31 33
31 37
31 38
32 33
32 34
32 35
32 36
32 38
32 39
33 36
33 38
33 39
34 36
34 39
35 37
35 39
36 39
37 38
