40 114
0 12
0 18
0 35
0 36
0 38
1 5
1 9
1 10
1 11
1 22
2 8
2 11
2 30
3 4
3 25
3 27
3 29
4 11
4 14
4 17
4 19
4 23
5 17
5 27
5 39
6 8
6 21
6 29
6 30
6 31
6 37
7 17
7 33
7 38
8 11
8 16
8 19
8 26
8 33
8 39
9 23
9 28
10 11
10 16
10 28
10 30
10 32
11 14
11 22
12 16
12 19
12 34
13 14
13 20
13 22
13 28
13 29
13 35
13 36
14 21
14 24
14 30
14 34
14 39
15 21
15 22
15 29
15 30
15 32
16 37
16 39
17 18
17 22
17 23
17 29
17 39
18 21
18 23
18 24
18 26
19 24
19 27
19 36
19 37
20 21
20 27
20 28
21 24
21 25
22 31
22 36
22 38
23 28
23 29
23 31
23 36
23 37
24 37
25 32
25 34
26 29
26 35
27 37
28 31
29 34
29 38
30 38
31 33
31 34
32 36
34 35
35 37
36 37
38 39
