40 101
0 13
0 16
0 17
0 23
0 30
1 21
2 34
3 7
3 11
3 12
3 13
3 19
3 21
3 22
3 23
3 29
3 33
4 10
4 12
4 18
4 29
4 32
5 11
5 21
5 28
5 30
6 7
6 22
6 24
6 32
6 37
6 38
7 9
7 25
7 30
7 32
7 35
8 9
8 14
8 22
8 30
8 34
9 34
9 35
9 37
10 13
11 22
11 26
11 31
11 35
12 15
12 19
12 29
12 38
13 24
13 26
13 39
14 19
14 25
15 32
16 19
16 21
16 22
16 25
16 38
17 19
17 30
17 31
17 36
17 37
19 21
19 23
19 32
20 27
21 26
21 27
21 34
22 26
22 27
22 32
22 36
22 37
22 39
24 32
24 33
24 38
25 28
25 32
26 30
26 31
27 35
28 29
28 33
28 36
28 39
29 32
29 38
30 38
31 35
35 39
36 37
