40 416
0 3
0 6
0 7
0 8
0 10
0 11
0 13
0 16
0 17
0 18
0 20
0 21
0 22
0 23
0 24
0 26
0 30
0 35
0 36
0 37
0 38
1 5
1 6
1 7
1 8
1 9
1 10
1 13
1 14
1 16
1 20
1 21
1 25
1 27
1 28
1 31
1 32
1 33
1 37
2 3
2 6
2 7
2 11
2 12
2 15
2 17
2 21
2 22
2 23
2 25
2 26
2 27
2 28
2 30
2 31
2 33
2 34
2 35
2 37
3 4
3 5
3 7
3 10
3 11
3 12
3 13
3 14
3 17
3 18
3 19
3 21
3 22
3 23
3 24
3 26
3 27
3 29
3 30
3 32
3 33
3 34
3 36
3 37
3 38
3 39
4 9
4 10
4 12
4 14
4 15
4 18
4 20
4 22
4 25
4 26
4 27
4 29
4 32
4 34
4 36
4 37
5 8
5 11
5 13
5 15
5 18
5 20
5 21
5 22
5 24
5 26
5 27
5 28
5 30
5 31
5 32
5 35
5 36
5 38
5 39
6 7
6 8
6 9
6 12
6 15
6 17
6 19
6 21
6 22
6 23
6 24
6 28
6 30
6 31
6 32
6 33
6 37
6 38
7 9
7 12
7 13
7 18
7 19
7 20
7 21
7 25
7 28
7 29
7 30
7 31
7 32
7 35
8 9
8 11
8 14
8 15
8 16
8 18
8 20
8 21
8 22
8 27
8 29
8 30
8 33
8 34
8 37
9 10
9 13
9 14
9 15
9 17
9 19
9 20
9 21
9 23
9 26
9 27
9 28
9 29
9 30
9 31
9 33
9 34
9 35
9 36
9 37
10 13
10 15
10 19
10 23
10 24
10 25
10 29
10 30
10 31
10 32
10 37
10 39
11 12
11 15
11 18
11 19
11 22
11 26
11 27
11 28
11 31
11 34
11 35
11 38
11 39
12 15
12 17
12 19
12 26
12 27
12 29
12 32
12 36
12 38
12 39
13 15
13 16
13 17
13 19
13 20
13 21
13 22
13 24
13 26
13 27
13 28
13 29
13 30
13 32
13 33
13 34
13 35
13 36
13 38
13 39
14 17
14 19
14 21
14 25
14 26
14 29
14 32
14 33
14 35
14 36
14 37
14 38
14 39
15 20
15 23
15 24
15 25
15 27
15 29
15 31
15 32
15 34
15 36
15 37
15 38
15 39
16 17
16 19
16 21
16 22
16 24
16 25
16 26
16 28
16 29
16 33
16 35
16 36
16 37
16 38
16 39
17 19
17 21
17 23
17 24
17 25
17 26
17 30
17 31
17 32
17 35
17 36
17 37
17 38
17 39
18 19
18 21
18 22
18 23
18 28
18 33
18 36
18 37
18 39
19 20
19 21
19 23
19 26
19 27
19 29
19 30
19 31
19 32
19 34
19 35
19 39
20 22
20 27
20 29
20 30
20 32
20 33
20 34
20 38
21 23
21 26
21 27
21 29
21 32
21 34
21 35
21 38
22 26
22 27
22 28
22 29
22 30
22 31
22 32
22 34
22 36
22 37
22 39
23 24
23 26
23 31
23 32
23 33
23 35
23 38
24 25
24 27
24 28
24 29
24 31
24 32
24 33
24 35
24 37
24 38
25 27
25 28
25 30
25 31
25 32
25 35
25 37
25 39
26 27
26 28
26 30
26 31
26 33
27 28
27 29
27 31
27 35
27 36
27 39
28 29
28 32
28 33
28 34
28 36
28 38
28 39
29 31
29 32
29 34
29 36
29 38
30 32
30 35
30 36
30 37
30 38
31 34
31 35
31 37
31 38
32 35
32 36
32 37
32 38
32 39
33 36
34 37
34 39
35 37
35 38
35 39
36 37
36 38
36 39
