40 131
0 1
0 4
0 9
0 10
0 22
0 31
1 2
1 6
1 10
1 11
1 31
1 32
1 34
2 5
2 10
2 14
2 18
2 21
2 22
2 31
2 37
3 6
3 9
3 36
4 11
4 13
4 17
4 18
4 19
4 26
4 32
4 38
5 13
5 21
5 24
5 27
5 33
5 34
5 38
5 39
6 22
6 27
8 9
8 10
8 12
8 36
9 19
9 33
9 36
10 15
10 30
10 34
10 36
11 12
11 14
11 16
11 23
11 24
11 26
11 31
12 33
13 15
13 18
13 30
14 23
14 26
14 33
14 34
14 35
15 18
15 21
15 23
15 24
15 28
15 30
15 38
16 24
16 25
16 26
16 28
16 34
17 19
17 33
18 23
18 27
18 33
18 39
19 20
19 24
19 26
19 33
20 23
20 24
20 25
20 39
21 22
21 25
21 28
21 31
21 32
21 35
21 39
22 34
22 38
23 28
23 30
23 38
24 28
24 35
24 36
25 28
25 30
25 36
26 30
26 35
26 36
27 30
27 38
28 29
28 36
30 31
30 33
31 37
32 33
32 35
33 36
33 39
35 37
35 39
36 39
37 38
