40 121
0 4
0 5
0 21
0 32
1 7
1 11
1 13
1 33
1 39
2 10
2 15
2 16
2 20
2 22
2 37
3 11
3 16
3 17
3 21
3 24
3 28
3 32
3 34
4 7
4 14
4 18
4 27
4 28
4 30
4 31
4 38
5 6
5 15
5 16
5 17
5 22
5 23
5 30
6 12
6 16
6 19
6 35
7 15
7 16
7 21
7 26
7 34
8 10
8 17
8 27
8 38
9 10
9 12
9 17
9 25
9 27
9 32
9 38
9 39
10 11
10 32
10 33
10 36
10 38
10 39
11 18
11 19
11 31
11 33
12 17
12 25
12 30
13 14
13 20
13 22
13 24
13 29
13 39
14 18
14 38
15 23
15 29
15 35
15 39
16 35
16 37
17 18
17 20
17 28
17 39
18 38
19 25
19 32
20 23
20 27
20 31
20 37
21 28
21 36
21 38
22 24
22 27
22 33
23 27
24 26
24 27
24 31
25 34
25 35
26 28
26 36
27 28
27 34
27 36
27 39
28 34
28 36
29 39
30 38
31 39
32 39
