40 389
0 1
0 3
0 4
0 5
0 6
0 8
0 9
0 21
0 23
0 24
0 25
0 26
0 30
0 31
0 32
0 34
0 36
1 7
1 11
1 12
1 13
1 15
1 16
1 17
1 20
1 22
1 24
1 28
1 32
1 33
1 34
1 39
2 4
2 7
2 10
2 15
2 16
2 18
2 20
2 22
2 24
2 25
2 26
2 29
2 32
2 33
2 34
2 37
2 39
3 7
3 8
3 10
3 11
3 13
3 14
3 16
3 17
3 21
3 23
3 24
3 27
3 28
3 29
3 32
3 34
3 38
3 39
4 5
4 7
4 8
4 9
4 12
4 13
4 14
4 18
4 23
4 24
4 27
4 28
4 29
4 30
4 31
4 32
4 34
4 36
4 38
4 39
5 6
5 7
5 12
5 13
5 15
5 16
5 17
5 18
5 19
5 22
5 23
5 26
5 27
5 29
5 30
5 31
5 33
5 35
5 39
6 9
6 12
6 15
6 16
6 17
6 19
6 20
6 25
6 29
6 31
6 32
6 35
6 38
6 39
7 11
7 15
7 16
7 17
7 18
7 20
7 21
7 23
7 24
7 26
7 34
7 35
7 36
7 37
7 39
8 10
8 12
8 13
8 14
8 15
8 17
8 18
8 21
8 22
8 27
8 30
8 38
8 39
9 10
9 12
9 13
9 16
9 17
9 18
9 20
9 22
9 24
9 25
9 26
9 27
9 28
9 31
9 32
9 33
9 34
9 35
9 38
9 39
10 11
10 14
10 15
10 16
10 20
10 23
10 24
10 28
10 29
10 32
10 33
10 36
10 38
10 39
11 12
11 14
11 15
11 16
11 18
11 19
11 21
11 22
11 23
11 25
11 26
11 28
11 30
11 31
11 33
11 34
11 35
11 38
11 39
12 13
12 15
12 16
12 17
12 18
12 21
12 23
12 24
12 25
12 27
12 28
12 30
12 31
12 32
12 33
12 36
12 39
13 14
13 15
13 17
13 18
13 20
13 22
13 24
13 29
13 30
13 31
13 32
13 33
13 34
13 35
13 36
13 39
14 16
14 18
14 19
14 22
14 23
14 30
14 32
14 35
14 37
14 38
14 39
15 21
15 23
15 26
15 28
15 29
15 30
15 35
15 36
15 37
15 38
15 39
16 22
16 23
16 30
16 31
16 33
16 35
16 37
16 38
17 18
17 20
17 24
17 28
17 30
17 31
17 34
17 36
17 39
18 20
18 21
18 25
18 27
18 28
18 35
18 37
18 38
19 20
19 22
19 23
19 24
19 25
19 26
19 27
19 32
19 34
19 35
19 36
19 37
19 38
19 39
20 23
20 25
20 27
20 31
20 34
20 36
20 37
20 38
21 24
21 25
21 26
21 28
21 30
21 31
21 32
21 33
21 36
21 38
22 24
22 26
22 27
22 32
22 33
22 34
23 24
23 26
23 27
23 29
23 30
23 31
23 33
23 34
23 37
23 38
24 26
24 27
24 31
24 32
24 35
24 36
24 37
25 26
25 28
25 29
25 33
25 34
25 35
25 37
25 38
25 39
26 28
26 35
26 36
26 37
26 38
26 39
27 28
27 32
27 34
27 36
27 38
27 39
28 29
28 31
28 33
28 34
28 35
28 36
28 37
28 38
29 30
29 32
29 33
29 35
29 36
29 37
29 38
29 39
30 38
30 39
31 32
31 34
31 35
31 39
32 37
32 38
32 39
33 34
33 35
33 39
34 35
35 36
36 37
37 38
