40 385
0 1
0 2
0 3
0 4
0 7
0 8
0 12
0 13
0 15
0 18
0 19
0 21
0 25
0 26
0 31
0 32
0 35
0 36
0 38
1 4
1 5
1 9
1 10
1 11
1 12
1 16
1 17
1 18
1 22
1 26
1 27
1 31
1 33
1 34
2 3
2 4
2 8
2 9
2 10
2 11
2 15
2 16
2 19
2 21
2 23
2 28
2 30
2 31
2 35
2 36
2 38
3 4
3 5
3 6
3 7
3 11
3 12
3 16
3 17
3 18
3 21
3 22
3 23
3 25
3 26
3 27
3 29
3 30
3 32
3 39
4 11
4 13
4 14
4 17
4 19
4 21
4 22
4 23
4 25
4 26
4 28
4 32
4 33
4 34
4 37
4 38
5 11
5 14
5 16
5 17
5 18
5 22
5 24
5 25
5 27
5 28
5 30
5 31
5 32
5 35
5 36
5 37
5 39
6 8
6 10
6 11
6 14
6 15
6 17
6 18
6 21
6 26
6 27
6 29
6 30
6 31
6 32
6 37
6 39
7 10
7 12
7 13
7 14
7 15
7 16
7 17
7 18
7 19
7 20
7 24
7 25
7 26
7 33
7 34
7 36
7 37
7 38
8 9
8 11
8 12
8 14
8 15
8 16
8 17
8 19
8 26
8 28
8 32
8 33
8 39
9 10
9 12
9 15
9 16
9 18
9 23
9 26
9 27
9 28
9 29
9 30
9 33
9 35
9 38
10 11
10 12
10 16
10 17
10 18
10 22
10 24
10 25
10 28
10 29
10 30
10 31
10 32
10 38
10 39
11 14
11 15
11 16
11 20
11 21
11 22
11 25
11 26
11 30
11 35
11 36
11 38
12 14
12 16
12 17
12 18
12 19
12 22
12 26
12 30
12 31
12 34
12 39
13 14
13 20
13 22
13 23
13 24
13 28
13 29
13 30
13 31
13 34
13 35
13 36
13 38
14 15
14 20
14 21
14 22
14 24
14 27
14 30
14 31
14 33
14 34
14 35
14 39
15 16
15 17
15 20
15 21
15 22
15 27
15 28
15 29
15 30
15 31
15 32
15 34
15 35
16 21
16 24
16 25
16 30
16 31
16 32
16 34
16 35
16 37
16 38
16 39
17 18
17 19
17 20
17 21
17 22
17 23
17 29
17 32
17 34
17 35
17 39
18 19
18 21
18 22
18 23
18 24
18 25
18 26
18 27
18 29
18 30
18 32
18 33
18 37
18 38
19 20
19 21
19 22
19 23
19 24
19 27
19 29
19 30
19 32
19 35
19 36
19 37
20 21
20 25
20 27
20 28
20 30
20 31
20 34
20 35
20 36
21 24
21 25
21 29
21 30
21 31
21 32
21 36
21 37
22 24
22 25
22 27
22 29
22 31
22 33
22 35
22 36
22 37
22 38
23 25
23 26
23 28
23 29
23 30
23 31
23 34
23 36
23 37
23 38
24 25
24 29
24 33
24 35
24 37
25 26
25 31
25 32
25 34
25 35
25 37
25 39
26 27
26 28
26 29
26 32
26 35
26 37
26 38
26 39
27 29
27 30
27 33
27 37
28 31
28 32
28 35
28 39
29 32
29 34
29 36
29 37
29 38
30 32
30 33
30 34
30 37
30 38
31 32
31 33
31 34
31 36
31 37
32 33
32 34
32 36
32 37
32 38
33 34
33 36
33 37
34 35
34 37
35 36
35 37
35 38
35 39
36 37
37 39
38 39
