40 398
0 2
0 3
0 7
0 8
0 11
0 13
0 15
0 17
0 23
0 25
0 29
0 34
0 35
0 37
0 38
0 39
1 5
1 6
1 7
1 9
1 10
1 11
1 12
1 13
1 14
1 15
1 17
1 18
1 20
1 21
1 22
1 25
1 26
1 29
1 33
1 36
1 38
1 39
2 3
2 4
2 5
2 6
2 7
2 8
2 10
2 14
2 15
2 16
2 17
2 25
2 27
2 30
2 33
2 39
3 5
3 9
3 14
3 15
3 18
3 19
3 20
3 22
3 23
3 24
3 25
3 26
3 28
3 29
3 30
3 31
3 33
3 34
3 35
3 36
3 38
3 39
4 5
4 7
4 8
4 9
4 11
4 12
4 13
4 14
4 16
4 17
4 18
4 19
4 20
4 21
4 22
4 26
4 27
4 30
4 33
4 36
4 39
5 7
5 8
5 10
5 18
5 19
5 24
5 25
5 26
5 27
5 29
5 30
5 31
5 35
5 36
5 37
5 38
5 39
6 10
6 11
6 13
6 14
6 15
6 19
6 20
6 24
6 26
6 28
6 30
6 33
7 9
7 11
7 12
7 13
7 14
7 17
7 18
7 21
7 22
7 24
7 25
7 26
7 27
7 29
7 31
7 33
7 34
7 35
8 10
8 11
8 14
8 16
8 18
8 21
8 22
8 23
8 24
8 26
8 27
8 28
8 29
8 30
8 33
8 34
8 38
8 39
9 12
9 14
9 15
9 20
9 22
9 24
9 25
9 28
9 30
9 31
9 33
9 36
9 37
9 38
9 39
10 11
10 13
10 18
10 21
10 22
10 23
10 25
10 26
10 30
10 31
10 34
10 35
10 37
10 39
11 16
11 19
11 22
11 24
11 27
11 30
11 32
11 34
11 35
12 14
12 15
12 17
12 19
12 21
12 23
12 24
12 27
12 28
12 29
12 30
12 33
12 34
12 37
12 38
12 39
13 14
13 20
13 22
13 26
13 27
13 28
13 31
13 34
13 36
13 38
13 39
14 16
14 17
14 18
14 19
14 20
14 21
14 23
14 25
14 26
14 27
14 29
14 31
14 32
14 34
14 36
14 38
15 16
15 20
15 24
15 25
15 26
15 27
15 30
15 34
15 35
15 39
16 19
16 21
16 27
16 29
16 32
16 36
16 37
16 38
16 39
17 18
17 21
17 23
17 24
17 27
17 28
17 29
17 30
17 31
17 32
17 34
17 37
17 38
17 39
18 20
18 22
18 24
18 29
18 32
18 33
18 34
18 37
18 38
19 20
19 21
19 22
19 23
19 28
19 29
19 30
19 32
19 37
19 38
19 39
20 21
20 23
20 24
20 25
20 26
20 27
20 28
20 31
20 32
20 33
20 36
20 38
20 39
21 23
21 25
21 26
21 30
21 35
21 38
21 39
22 26
22 27
22 33
22 34
22 35
22 38
22 39
23 24
23 25
23 27
23 28
23 30
23 31
23 32
23 33
23 39
24 25
24 27
24 29
24 30
24 31
24 33
24 35
24 37
24 38
25 26
25 31
25 34
25 35
25 36
25 38
25 39
26 28
26 30
26 35
26 36
26 37
26 38
27 29
27 30
27 32
27 34
27 35
27 36
27 37
27 39
28 29
28 30
28 31
28 35
28 39
29 31
29 32
29 33
29 34
29 38
29 39
30 31
30 32
30 33
30 34
30 37
30 38
30 39
31 32
31 33
31 35
31 36
31 37
31 38
32 34
32 35
32 39
33 35
33 38
33 39
34 37
35 36
35 37
36 37
36 39
37 39
