50 607
0 1
0 4
0 7
0 9
0 12
0 15
0 16
0 18
0 20
0 23
0 24
0 26
0 27
0 28
0 29
0 31
0 32
0 33
0 34
0 36
0 38
0 39
0 41
0 42
0 43
0 44
0 45
0 47
1 3
1 4
1 5
1 6
1 9
1 13
1 14
1 17
1 19
1 21
1 22
1 23
1 32
1 35
1 36
1 37
1 40
1 47
1 49
2 5
2 6
2 7
2 10
2 12
2 13
2 18
2 19
2 20
2 21
2 23
2 24
2 27
2 30
2 32
2 33
2 34
2 35
2 38
2 40
2 41
2 43
2 44
2 45
2 46
2 49
3 4
3 6
3 9
3 10
3 14
3 16
3 18
3 19
3 20
3 21
3 22
3 25
3 27
3 28
3 30
3 33
3 34
3 36
3 38
3 40
3 42
3 47
3 48
3 49
4 6
4 7
4 11
4 12
4 14
4 17
4 18
4 19
4 20
4 21
4 24
4 26
4 30
4 32
4 33
4 34
4 35
4 36
4 37
4 38
4 40
4 44
4 45
4 47
5 6
5 11
5 12
5 17
5 19
5 21
5 25
5 27
5 28
5 30
5 31
5 33
5 36
5 38
5 39
5 40
5 42
5 43
5 45
5 47
6 7
6 9
6 10
6 11
6 12
6 13
6 14
6 17
6 19
6 20
6 21
6 22
6 23
6 25
6 26
6 28
6 30
6 31
6 32
6 33
6 37
6 39
6 40
6 43
6 46
6 49
7 10
7 12
7 13
7 14
7 15
7 16
7 19
7 24
7 25
7 27
7 31
7 32
7 35
7 37
7 39
7 41
7 42
7 43
7 44
7 45
7 47
7 48
8 9
8 10
8 11
8 14
8 15
8 17
8 19
8 20
8 21
8 22
8 23
8 25
8 27
8 31
8 33
8 34
8 36
8 38
8 42
8 44
8 45
8 46
8 49
9 13
9 14
9 19
9 21
9 25
9 26
9 27
9 30
9 33
9 35
9 38
9 40
9 48
9 49
10 13
10 14
10 16
10 17
10 18
10 19
10 23
10 24
10 25
10 27
10 28
10 29
10 31
10 34
10 35
10 37
10 38
10 40
10 41
10 42
10 44
10 47
10 49
11 12
11 13
11 16
11 17
11 18
11 21
11 22
11 23
11 24
11 25
11 27
11 30
11 33
11 37
11 38
11 42
11 43
11 45
12 15
12 16
12 18
12 19
12 20
12 23
12 26
12 27
12 30
12 34
12 39
12 40
12 41
12 42
12 43
12 45
12 46
12 47
13 14
13 15
13 17
13 18
13 20
13 21
13 22
13 24
13 25
13 26
13 27
13 30
13 31
13 32
13 33
13 39
13 46
13 47
14 15
14 19
14 20
14 22
14 23
14 25
14 28
14 32
14 33
14 35
14 36
14 37
14 38
14 39
14 41
14 43
14 45
14 46
14 48
14 49
15 16
15 17
15 18
15 19
15 25
15 26
15 27
15 28
15 29
15 30
15 32
15 33
15 35
15 36
15 38
15 41
15 43
15 44
15 45
15 47
15 48
16 18
16 19
16 20
16 22
16 29
16 31
16 33
16 34
16 36
16 41
16 42
16 45
16 48
17 19
17 20
17 24
17 25
17 29
17 30
17 31
17 32
17 34
17 35
17 38
17 39
17 40
17 44
17 47
17 48
17 49
18 21
18 23
18 26
18 27
18 30
18 31
18 34
18 38
18 39
18 40
18 43
18 47
18 48
18 49
19 21
19 24
19 25
19 29
19 30
19 31
19 33
19 35
19 36
19 37
19 38
19 39
19 41
19 42
19 43
19 45
19 46
19 48
19 49
20 21
20 23
20 26
20 28
20 29
20 30
20 31
20 32
20 34
20 36
20 40
20 41
20 47
21 22
21 24
21 26
21 27
21 28
21 29
21 31
21 32
21 36
21 37
21 38
21 39
21 40
21 41
21 42
21 48
21 49
22 23
22 24
22 25
22 28
22 30
22 31
22 34
22 37
22 41
22 45
22 46
22 49
23 25
23 32
23 37
23 38
23 40
23 41
23 44
23 46
23 47
23 49
24 26
24 32
24 35
24 36
24 37
24 38
24 40
24 41
24 42
24 45
24 47
25 29
25 30
25 33
25 35
25 36
25 37
25 39
25 41
25 44
25 47
25 48
26 29
26 31
26 35
26 36
26 37
26 40
26 41
26 42
26 43
26 45
26 48
26 49
27 29
27 31
27 32
27 40
27 45
27 46
27 47
27 48
28 29
28 33
28 35
28 36
28 38
28 42
28 44
28 45
28 46
28 47
28 48
28 49
29 31
29 32
29 34
29 35
29 36
29 37
29 39
29 43
29 44
29 48
30 32
30 33
30 34
30 35
30 36
30 37
30 39
30 40
30 43
30 48
30 49
31 34
31 36
31 39
31 44
31 45
31 49
32 36
32 42
32 43
33 34
33 35
33 36
33 37
33 38
33 39
33 40
33 41
33 44
33 45
33 49
34 37
34 38
34 39
34 40
34 41
34 42
34 43
34 47
35 39
35 41
35 42
35 44
35 45
35 47
35 49
36 37
36 40
36 44
36 48
37 41
37 45
37 46
37 48
38 39
38 40
38 41
38 44
38 45
38 46
38 47
38 49
39 46
39 48
40 43
40 44
40 46
40 47
40 48
41 43
41 44
41 45
41 46
42 46
42 47
42 48
42 49
43 44
43 45
44 46
45 48
46 48
46 49
47 49
