50 182
0 7
0 8
0 13
0 19
0 30
0 35
0 44
1 4
1 12
1 18
1 32
1 34
1 37
1 39
1 44
1 46
1 48
2 12
2 22
2 37
2 46
3 19
3 21
3 26
3 44
3 46
4 8
4 12
4 16
4 23
4 34
4 43
5 9
5 15
5 20
5 25
5 30
5 46
5 47
5 49
6 10
6 15
6 16
6 25
6 26
6 29
6 37
6 45
6 47
6 48
7 15
7 16
7 23
7 26
7 27
7 47
8 12
8 14
8 16
9 13
9 16
9 18
9 24
9 27
9 28
9 31
9 34
9 35
9 36
9 42
9 48
10 14
10 15
10 17
10 28
10 29
10 30
10 36
10 37
10 42
11 17
11 28
11 32
11 38
11 39
11 40
11 43
12 37
12 42
12 48
13 20
13 21
13 27
13 35
14 16
14 28
14 37
14 40
15 31
15 39
15 43
15 44
15 47
16 21
16 27
16 35
16 38
16 39
16 41
16 43
16 45
17 18
17 20
17 25
17 29
17 30
17 35
17 47
18 25
18 45
19 20
19 25
19 31
19 34
19 37
19 42
19 46
20 34
20 40
20 46
20 47
20 49
21 23
21 29
21 40
21 42
22 23
22 32
22 49
23 29
23 49
24 25
24 34
24 36
24 47
24 48
25 38
25 39
27 32
27 36
27 38
28 42
28 43
28 46
29 31
29 38
29 40
30 35
31 33
31 35
31 36
32 44
33 40
33 42
33 43
33 44
34 42
34 46
34 47
35 41
36 43
37 42
37 46
37 49
38 47
38 49
39 41
40 48
41 42
41 45
43 44
48 49
