50 169
0 5
0 19
0 23
0 24
0 26
0 38
1 15
1 23
1 25
1 28
1 36
1 47
2 10
2 17
2 18
2 28
2 30
2 33
3 14
3 20
3 21
3 25
3 26
4 19
4 21
4 35
4 38
5 14
5 15
5 30
5 41
5 42
5 49
6 13
6 18
6 20
6 22
6 25
6 33
6 37
6 42
7 31
7 39
8 9
8 13
8 29
8 33
9 10
9 19
9 30
9 31
10 16
10 17
10 25
10 27
10 38
10 41
10 46
11 15
11 18
11 27
11 33
11 35
11 38
12 13
12 28
12 35
13 21
13 36
13 44
13 45
13 49
14 23
14 28
14 33
14 42
14 47
15 18
15 25
15 38
15 39
15 41
15 48
16 23
16 28
16 29
16 31
16 48
17 31
17 33
18 32
18 36
18 38
18 41
19 26
19 28
19 30
19 34
19 36
20 35
20 37
20 39
20 45
21 23
21 25
21 30
21 36
21 37
22 26
23 26
23 48
24 26
24 32
24 35
24 46
26 32
26 34
26 35
26 37
26 39
26 42
26 44
26 45
27 33
27 35
27 38
27 45
27 46
27 49
28 30
29 41
29 44
29 48
30 31
30 32
30 37
30 39
30 44
31 33
31 37
31 38
31 41
31 47
32 33
32 36
32 37
32 41
32 45
33 34
33 41
33 44
34 36
34 42
35 38
35 41
35 46
35 47
35 48
36 40
37 47
38 46
38 49
42 48
42 49
43 49
44 49
45 47
46 48
48 49
