50 198
0 10
0 18
0 19
0 25
0 30
0 44
1 3
1 5
1 27
1 29
1 34
1 36
2 4
2 19
2 21
2 25
2 30
2 32
2 37
2 42
2 47
3 4
3 6
3 15
3 16
3 21
3 31
3 40
4 16
4 34
4 39
4 48
5 6
5 13
5 16
5 21
5 24
5 32
5 34
6 7
6 12
6 17
6 18
6 20
6 22
6 23
6 30
6 35
6 36
7 11
7 15
7 21
7 24
7 27
7 28
7 31
7 33
7 44
8 14
8 19
8 26
8 31
8 32
8 36
8 37
8 38
8 41
9 17
9 22
9 25
9 26
9 38
9 41
9 42
9 45
9 46
10 15
10 33
10 34
10 43
10 44
11 19
11 21
11 26
11 34
11 37
11 40
11 46
12 16
12 21
12 22
12 29
12 38
13 16
13 19
13 20
13 27
13 42
13 48
13 49
14 18
14 22
14 43
15 25
15 26
16 19
16 22
16 30
16 41
16 43
16 44
16 48
16 49
17 19
17 22
17 27
17 31
17 37
17 43
17 44
17 47
18 21
18 25
18 39
18 40
18 41
18 43
18 45
19 26
19 31
20 21
20 30
20 35
20 38
20 41
20 49
21 24
21 27
21 32
21 33
22 24
22 32
22 44
22 46
23 25
24 27
24 28
24 30
24 36
24 42
24 46
25 36
25 37
25 41
25 46
25 47
26 40
26 48
26 49
27 32
28 31
28 35
29 43
29 47
30 36
30 37
30 40
30 46
31 40
31 41
31 47
31 48
32 35
32 40
33 36
33 39
33 44
34 43
34 44
35 40
35 44
35 48
36 37
36 43
36 45
37 38
37 39
37 40
37 41
37 45
38 42
40 47
41 42
41 46
42 48
43 48
44 46
46 49
