50 611
0 1
0 3
0 6
0 7
0 8
0 10
0 12
0 13
0 15
0 16
0 18
0 19
0 20
0 29
0 30
0 31
0 34
0 35
0 38
0 40
0 42
0 43
0 44
0 45
0 49
1 2
1 3
1 4
1 6
1 9
1 12
1 14
1 18
1 19
1 20
1 22
1 23
1 25
1 27
1 28
1 32
1 33
1 34
1 35
1 37
1 38
1 39
1 42
1 43
1 44
1 46
1 48
2 8
2 11
2 12
2 15
2 17
2 18
2 22
2 29
2 31
2 33
2 36
2 37
2 41
2 42
2 46
3 4
3 6
3 11
3 13
3 14
3 15
3 16
3 19
3 21
3 26
3 28
3 29
3 32
3 36
3 41
3 43
3 44
3 46
3 48
3 49
4 5
4 8
4 9
4 12
4 13
4 16
4 22
4 23
4 26
4 27
4 28
4 30
4 31
4 32
4 33
4 34
4 35
4 37
4 38
4 41
4 43
4 44
4 46
4 47
5 6
5 7
5 8
5 9
5 11
5 14
5 15
5 17
5 20
5 23
5 25
5 27
5 30
5 31
5 32
5 33
5 38
5 39
5 44
5 46
5 47
5 49
6 8
6 9
6 10
6 15
6 16
6 21
6 24
6 25
6 26
6 29
6 36
6 37
6 43
6 45
6 47
6 48
7 8
7 12
7 15
7 16
7 17
7 23
7 24
7 25
7 26
7 27
7 29
7 30
7 35
7 39
7 42
7 45
7 46
7 47
7 48
7 49
8 9
8 10
8 12
8 14
8 15
8 16
8 19
8 26
8 28
8 29
8 32
8 33
8 36
8 38
8 39
8 40
8 41
8 47
9 11
9 12
9 13
9 15
9 16
9 17
9 18
9 24
9 27
9 28
9 30
9 31
9 32
9 34
9 35
9 36
9 38
9 39
9 42
9 48
10 12
10 14
10 15
10 17
10 19
10 20
10 25
10 26
10 28
10 29
10 30
10 31
10 33
10 35
10 36
10 37
10 38
10 39
10 40
10 42
10 43
10 44
10 45
10 48
10 49
11 15
11 17
11 23
11 25
11 28
11 29
11 30
11 32
11 38
11 39
11 40
11 42
11 43
11 44
11 45
11 48
12 13
12 15
12 20
12 21
12 22
12 25
12 26
12 27
12 28
12 31
12 32
12 33
12 34
12 35
12 36
12 37
12 39
12 40
12 42
12 43
12 45
12 46
12 47
12 48
12 49
13 17
13 19
13 20
13 21
13 23
13 25
13 27
13 30
13 31
13 32
13 35
13 36
13 38
13 39
13 44
13 46
13 47
13 48
14 16
14 19
14 21
14 24
14 26
14 28
14 36
14 37
14 38
14 39
14 40
14 41
14 43
14 44
14 46
14 48
15 18
15 19
15 20
15 21
15 22
15 23
15 28
15 29
15 31
15 32
15 34
15 35
15 39
15 43
15 44
15 45
15 47
15 48
15 49
16 21
16 27
16 29
16 30
16 32
16 34
16 35
16 37
16 38
16 39
16 40
16 41
16 43
16 44
16 45
16 48
17 18
17 20
17 25
17 27
17 29
17 30
17 31
17 32
17 33
17 34
17 35
17 36
17 45
17 47
18 20
18 22
18 23
18 25
18 27
18 32
18 37
18 42
18 45
18 48
18 49
19 20
19 22
19 24
19 25
19 26
19 27
19 30
19 31
19 32
19 33
19 34
19 35
19 37
19 38
19 42
19 43
19 45
19 46
19 48
19 49
20 22
20 23
20 28
20 29
20 31
20 33
20 34
20 37
20 39
20 40
20 41
20 43
20 44
20 46
20 47
20 49
21 22
21 23
21 26
21 29
21 30
21 35
21 37
21 38
21 40
21 41
21 42
21 44
21 48
21 49
22 23
22 25
22 26
22 27
22 28
22 29
22 31
22 32
22 34
22 37
22 38
22 46
22 48
22 49
23 24
23 26
23 29
23 30
23 31
23 33
23 35
23 38
23 41
23 42
23 46
23 47
23 48
23 49
24 25
24 26
24 27
24 30
24 31
24 34
24 35
24 36
24 38
24 39
24 40
24 45
24 47
24 48
25 26
25 27
25 28
25 32
25 33
25 37
25 38
25 39
25 40
25 45
25 46
26 27
26 31
26 34
26 37
26 40
26 42
26 44
26 48
26 49
27 29
27 32
27 33
27 35
27 36
27 37
27 38
27 44
27 45
27 46
27 48
28 33
28 35
28 37
28 40
28 41
28 42
28 43
28 46
28 48
29 31
29 33
29 35
29 36
29 38
29 40
29 41
29 44
29 45
30 35
30 36
30 39
30 44
30 46
30 47
30 48
31 33
31 35
31 36
31 40
31 42
31 44
31 45
31 46
31 47
32 33
32 34
32 39
32 42
32 44
32 46
33 35
33 37
33 38
33 39
33 40
33 42
33 43
33 44
33 45
33 46
33 47
34 35
34 36
34 37
34 39
34 41
34 42
34 46
34 47
34 49
35 37
35 40
35 41
35 43
35 44
35 45
35 48
36 38
36 40
36 41
36 43
36 44
36 45
36 47
36 48
36 49
37 41
37 42
37 44
37 45
37 46
37 48
37 49
38 39
38 42
38 43
38 44
38 45
38 47
38 49
39 41
39 42
39 49
40 41
40 42
40 43
40 45
40 46
40 47
40 48
41 42
41 43
41 45
42 44
42 45
42 48
43 44
43 45
43 47
43 48
43 49
44 46
44 48
45 46
45 47
45 48
45 49
46 47
46 48
47 48
48 49
