50 608
0 2
0 3
0 4
0 5
0 7
0 8
0 12
0 14
0 15
0 17
0 18
0 19
0 24
0 25
0 30
0 31
0 35
0 37
0 39
0 42
0 44
0 47
0 48
0 49
1 2
1 3
1 4
1 6
1 9
1 11
1 12
1 14
1 15
1 17
1 21
1 23
1 26
1 28
1 30
1 31
1 32
1 36
1 39
1 41
1 44
2 3
2 4
2 5
2 8
2 12
2 13
2 15
2 16
2 17
2 18
2 21
2 24
2 26
2 30
2 31
2 32
2 33
2 34
2 36
2 37
2 38
2 39
2 40
2 41
2 42
2 43
2 44
2 45
2 49
3 5
3 6
3 7
3 10
3 11
3 12
3 14
3 15
3 16
3 17
3 18
3 22
3 24
3 25
3 26
3 28
3 29
3 31
3 32
3 34
3 35
3 36
3 38
3 41
3 43
3 46
3 47
3 48
3 49
4 9
4 10
4 13
4 14
4 16
4 20
4 23
4 24
4 25
4 26
4 27
4 28
4 29
4 31
4 33
4 34
4 35
4 36
4 37
4 38
4 39
4 41
4 45
4 46
4 48
4 49
5 6
5 7
5 8
5 10
5 11
5 12
5 13
5 14
5 15
5 16
5 17
5 19
5 20
5 25
5 26
5 28
5 30
5 34
5 35
5 36
5 38
5 40
5 42
5 46
5 47
5 48
5 49
6 10
6 11
6 12
6 13
6 16
6 17
6 19
6 21
6 22
6 23
6 25
6 27
6 28
6 29
6 31
6 33
6 36
6 39
6 41
6 44
6 47
7 9
7 10
7 17
7 19
7 20
7 21
7 22
7 23
7 24
7 29
7 31
7 32
7 36
7 37
7 38
7 44
7 47
8 10
8 11
8 13
8 14
8 17
8 18
8 22
8 24
8 26
8 27
8 33
8 34
8 35
8 36
8 38
8 41
8 46
8 48
9 14
9 15
9 22
9 23
9 28
9 30
9 31
9 32
9 36
9 39
9 40
9 46
9 47
9 48
9 49
10 11
10 13
10 19
10 20
10 22
10 23
10 24
10 29
10 32
10 42
10 44
10 46
10 48
11 12
11 14
11 17
11 23
11 25
11 26
11 27
11 30
11 31
11 36
11 40
11 41
11 42
11 46
12 14
12 17
12 18
12 21
12 22
12 23
12 25
12 28
12 29
12 30
12 31
12 32
12 33
12 34
12 36
12 37
12 39
12 40
12 43
12 44
12 45
12 47
13 15
13 16
13 18
13 20
13 22
13 24
13 27
13 28
13 34
13 35
13 36
13 37
13 39
13 40
13 42
13 47
14 15
14 20
14 21
14 22
14 23
14 24
14 25
14 26
14 29
14 30
14 34
14 38
14 39
14 40
14 41
14 45
14 46
14 49
15 20
15 21
15 23
15 24
15 27
15 30
15 33
15 34
15 35
15 36
15 37
15 39
15 40
15 41
15 42
15 43
15 44
15 46
16 17
16 19
16 23
16 24
16 25
16 27
16 33
16 36
16 37
16 38
16 39
16 40
16 41
16 43
16 46
16 48
17 18
17 19
17 21
17 23
17 24
17 25
17 27
17 34
17 36
17 37
17 38
17 46
17 47
17 48
18 19
18 21
18 25
18 26
18 29
18 32
18 34
18 39
18 40
18 42
18 44
18 47
18 48
19 20
19 21
19 22
19 24
19 31
19 36
19 40
19 41
19 42
19 43
19 44
19 45
19 48
19 49
20 26
20 28
20 31
20 34
20 35
20 37
20 39
20 41
20 42
20 44
20 47
20 49
21 22
21 26
21 29
21 30
21 31
21 32
21 33
21 38
21 39
21 40
21 41
21 42
21 44
21 45
21 46
21 48
22 24
22 26
22 27
22 29
22 30
22 31
22 32
22 33
22 34
22 37
22 39
22 44
22 49
23 24
23 25
23 27
23 31
23 32
23 35
23 36
23 38
23 40
23 41
23 44
23 45
23 47
24 27
24 29
24 30
24 33
24 36
24 38
24 39
24 40
24 41
24 43
24 44
24 45
24 49
25 26
25 28
25 29
25 32
25 34
25 37
25 38
25 43
25 46
25 48
26 27
26 30
26 36
26 38
26 39
26 41
26 42
26 43
26 44
26 46
26 47
27 30
27 31
27 34
27 37
27 39
27 40
27 41
27 42
27 43
27 44
27 45
27 49
28 29
28 32
28 33
28 35
28 36
28 39
28 45
28 48
29 30
29 33
29 34
29 35
29 37
29 38
29 40
29 42
29 43
29 44
29 45
29 49
30 32
30 33
30 35
30 37
30 38
30 39
30 45
30 47
30 48
30 49
31 32
31 34
31 35
31 37
31 39
31 40
31 42
31 43
31 44
31 46
31 47
31 49
32 33
32 34
32 37
32 38
32 40
32 44
32 48
32 49
33 34
33 35
33 36
33 37
33 38
33 40
33 41
33 43
33 46
33 47
33 48
33 49
34 35
34 37
34 38
34 40
34 41
34 42
34 43
34 45
34 46
34 49
35 36
35 40
35 43
35 44
35 46
35 49
36 39
36 43
36 44
36 49
37 38
37 42
37 43
37 47
37 48
38 39
38 42
38 45
38 47
38 48
39 41
39 42
39 44
39 45
39 47
40 42
40 44
40 46
40 47
40 48
40 49
41 43
41 45
41 46
41 48
41 49
42 44
42 45
42 46
42 48
43 45
43 47
44 45
44 46
44 48
45 46
45 48
45 49
46 49
47 48
48 49
