50 632
0 4
0 5
0 6
0 9
0 13
0 15
0 16
0 17
0 18
0 19
0 20
0 23
0 24
0 26
0 28
0 29
0 33
0 34
0 36
0 37
0 38
0 42
0 44
0 45
0 46
0 49
1 3
1 4
1 5
1 6
1 8
1 10
1 14
1 15
1 16
1 17
1 19
1 23
1 24
1 25
1 26
1 27
1 28
1 30
1 32
1 33
1 34
1 36
1 37
1 40
1 41
1 42
1 43
1 47
1 48
2 4
2 5
2 7
2 8
2 10
2 12
2 15
2 17
2 18
2 19
2 25
2 27
2 28
2 30
2 31
2 33
2 37
2 38
2 40
2 41
2 42
2 46
2 48
2 49
3 6
3 7
3 10
3 12
3 14
3 15
3 20
3 21
3 22
3 23
3 25
3 26
3 27
3 28
3 29
3 37
3 38
3 39
3 42
3 44
3 47
3 49
4 6
4 8
4 10
4 14
4 15
4 19
4 20
4 21
4 22
4 23
4 26
4 35
4 37
4 38
4 39
4 40
4 42
4 45
4 47
4 48
5 6
5 8
5 9
5 12
5 14
5 15
5 20
5 23
5 25
5 28
5 30
5 32
5 33
5 34
5 35
5 36
5 39
5 41
5 42
5 44
5 48
5 49
6 7
6 8
6 11
6 13
6 14
6 15
6 16
6 17
6 18
6 20
6 22
6 24
6 25
6 26
6 28
6 30
6 33
6 36
6 37
6 39
6 41
6 42
6 43
6 45
6 48
7 11
7 13
7 15
7 18
7 22
7 26
7 28
7 29
7 31
7 36
7 39
7 40
7 41
7 44
7 45
7 46
8 9
8 11
8 12
8 13
8 18
8 22
8 24
8 29
8 31
8 33
8 34
8 35
8 36
8 38
8 39
8 40
8 41
8 43
8 48
9 10
9 13
9 15
9 19
9 20
9 21
9 22
9 26
9 28
9 30
9 31
9 33
9 34
9 37
9 40
9 41
9 47
9 48
9 49
10 11
10 16
10 17
10 20
10 22
10 25
10 27
10 29
10 30
10 32
10 33
10 37
10 38
10 41
10 42
10 43
10 44
10 46
10 48
10 49
11 12
11 15
11 16
11 18
11 24
11 27
11 33
11 34
11 35
11 36
11 38
11 39
11 42
11 44
11 46
11 48
11 49
12 13
12 16
12 17
12 22
12 23
12 24
12 25
12 28
12 31
12 35
12 37
12 38
12 40
12 41
12 42
12 43
13 17
13 18
13 19
13 21
13 23
13 27
13 28
13 30
13 31
13 35
13 36
13 38
13 39
13 40
13 41
13 44
13 45
13 46
13 47
13 48
13 49
14 17
14 18
14 19
14 21
14 23
14 25
14 27
14 28
14 29
14 33
14 35
14 36
14 37
14 41
14 42
14 44
14 46
14 47
15 16
15 17
15 18
15 19
15 20
15 21
15 22
15 25
15 32
15 33
15 34
15 35
15 37
15 38
15 39
15 41
15 43
15 44
15 45
15 48
16 17
16 18
16 21
16 23
16 25
16 26
16 28
16 29
16 30
16 31
16 35
16 38
16 40
16 41
16 43
16 45
16 46
16 48
16 49
17 19
17 25
17 27
17 30
17 31
17 32
17 33
17 34
17 37
17 43
17 44
17 45
17 46
17 48
18 19
18 25
18 26
18 29
18 31
18 32
18 36
18 38
18 41
18 44
18 45
18 48
18 49
19 23
19 24
19 26
19 28
19 30
19 31
19 34
19 36
19 37
19 38
19 39
19 40
19 46
19 47
19 48
20 21
20 23
20 24
20 27
20 31
20 32
20 33
20 35
20 36
20 37
20 39
20 41
20 42
20 45
20 47
20 48
21 22
21 23
21 25
21 30
21 31
21 32
21 34
21 35
21 36
21 37
21 38
21 43
21 45
22 26
22 28
22 29
22 31
22 33
22 35
22 37
22 39
22 40
22 41
22 43
22 48
23 24
23 26
23 27
23 30
23 31
23 35
23 36
23 41
23 44
23 46
23 47
23 48
23 49
24 26
24 29
24 32
24 33
24 34
24 35
24 36
24 38
24 39
24 41
24 43
24 44
24 45
24 46
24 49
25 27
25 29
25 31
25 34
25 35
25 37
25 41
25 45
25 46
25 47
25 48
26 28
26 30
26 31
26 32
26 34
26 35
26 37
26 38
26 39
26 40
26 41
26 42
26 43
26 44
26 45
26 46
27 31
27 32
27 33
27 35
27 38
27 41
27 42
27 45
27 46
27 47
27 49
28 30
28 32
28 35
28 37
28 39
28 41
28 42
28 43
28 44
28 46
28 47
28 49
29 30
29 32
29 34
29 36
29 39
29 41
29 42
29 44
29 46
29 48
29 49
30 31
30 32
30 33
30 34
30 37
30 39
30 40
30 41
30 44
30 45
30 46
30 48
30 49
31 33
31 36
31 37
31 38
31 41
31 42
31 43
31 45
31 47
32 33
32 34
32 35
32 36
32 37
32 39
32 41
32 42
32 45
32 47
32 48
32 49
33 34
33 37
33 40
33 41
33 44
33 48
34 36
34 39
34 40
34 42
34 44
34 47
34 48
35 38
35 41
35 44
35 45
35 46
35 47
35 48
36 37
36 38
36 39
36 40
36 42
36 43
36 44
36 45
36 46
36 47
37 38
37 39
37 42
37 45
37 47
38 39
38 40
38 43
38 46
38 48
38 49
39 40
39 47
39 48
40 43
40 45
40 46
40 47
40 48
40 49
41 42
41 44
41 47
41 48
41 49
42 46
42 48
42 49
43 45
43 46
43 49
44 47
44 48
44 49
45 47
45 48
45 49
46 47
46 48
46 49
47 48
47 49
48 49
