50 193
0 1
0 4
0 12
0 15
0 23
0 27
0 31
0 32
0 34
0 41
0 42
0 43
0 45
1 6
1 32
1 40
1 49
2 12
2 19
2 21
2 24
2 40
2 41
2 43
3 6
3 9
3 16
3 42
3 47
4 6
4 18
4 30
4 47
5 6
5 25
5 31
5 36
5 40
6 7
6 10
6 11
6 12
6 17
6 30
6 32
6 40
7 10
7 12
7 15
7 16
7 24
7 25
7 27
7 31
7 32
7 35
7 37
7 45
8 11
8 20
8 25
8 31
8 42
9 14
9 21
9 40
9 48
10 14
10 17
10 25
10 35
10 44
11 17
11 18
11 21
11 45
12 42
13 21
13 22
13 24
13 27
13 30
13 31
13 39
13 47
14 19
14 32
14 33
14 37
14 38
14 46
14 49
15 16
15 17
15 19
15 29
15 30
15 41
15 43
15 47
15 48
16 19
16 20
16 22
16 29
16 34
16 48
17 24
17 29
17 30
17 32
17 34
17 38
18 26
18 39
18 47
19 21
19 31
19 33
19 38
19 41
19 46
19 48
20 21
20 28
20 29
20 30
20 41
20 47
21 26
21 28
21 29
21 36
21 37
21 40
21 41
22 24
22 45
23 25
23 44
23 49
24 32
24 36
24 37
24 45
24 47
25 29
25 30
25 37
25 39
25 48
26 36
26 41
26 48
26 49
27 40
27 45
28 33
28 35
28 38
28 42
28 45
28 46
29 32
29 37
30 35
30 39
30 49
31 34
31 36
31 39
31 49
32 36
33 35
33 38
33 41
34 39
34 40
34 42
34 43
35 39
36 48
38 45
39 46
40 46
40 48
41 43
42 46
42 48
42 49
43 45
46 48
47 49
