50 192
0 2
0 15
0 37
0 42
0 44
0 47
1 3
1 12
1 21
1 30
1 39
1 41
2 4
2 5
2 8
2 13
2 24
2 31
2 33
2 40
2 43
3 5
3 6
3 12
3 15
3 16
3 17
3 18
3 28
3 29
3 31
3 35
3 38
3 41
3 43
4 20
4 25
4 28
4 29
4 31
4 37
5 6
5 8
5 10
5 17
5 19
5 36
5 42
5 46
5 49
6 13
6 16
6 27
6 44
7 29
7 32
7 47
8 11
8 14
8 17
8 33
8 38
9 31
9 36
9 47
9 48
10 24
11 26
11 30
11 46
12 21
12 22
12 23
12 30
12 34
12 36
12 37
12 39
12 43
12 47
13 18
13 24
13 34
13 35
13 42
14 21
14 25
14 38
14 40
14 45
15 20
15 23
15 24
15 30
15 33
15 34
15 35
15 40
15 41
15 43
16 19
16 23
16 25
16 39
16 40
16 46
17 19
17 23
17 25
17 38
17 46
17 48
18 19
18 34
18 42
18 44
18 47
19 20
19 21
19 22
19 24
19 40
19 41
20 26
20 31
20 37
20 42
20 49
21 22
21 30
21 31
21 40
21 41
22 24
22 26
22 29
23 27
23 32
23 35
23 47
24 29
24 30
24 33
24 36
24 49
25 37
25 48
26 27
26 38
26 39
26 42
26 46
27 37
27 41
28 36
28 39
28 45
29 33
29 43
29 45
29 49
30 33
30 38
30 39
30 45
31 34
31 46
32 33
32 37
32 38
32 40
32 44
33 41
33 43
34 38
34 42
35 44
35 46
36 49
37 38
37 42
37 47
38 47
40 44
40 48
41 48
42 46
42 48
43 45
43 47
44 45
44 46
